   1.4487e-22  -2.0488e-21   2.0386e-20  -1.6478e-19   1.1475e-18  -7.1100e-18   4.0002e-17  -2.0724e-16   9.9877e-16  -4.5128e-15   1.9235e-14  -7.7713e-14   2.9885e-13  -1.0975e-12   3.8602e-12  -1.3035e-11   4.2349e-11  -1.3261e-10   4.0088e-10  -1.1715e-09   3.3140e-09  -9.0840e-09   2.4151e-08  -6.2334e-08   1.5630e-07  -3.8101e-07   9.0347e-07  -2.0850e-06   4.6853e-06  -1.0255e-05   2.1873e-05  -4.5469e-05   9.2143e-05  -1.8207e-04   3.5080e-04  -6.5912e-04   1.2077e-03  -2.1576e-03   3.7583e-03  -6.3810e-03
   1.0703e-21  -1.4830e-20   1.4455e-19  -1.1443e-18   7.8026e-18  -4.7327e-17   2.6060e-16  -1.3210e-15   6.2279e-15  -2.7520e-14   1.1468e-13  -4.5287e-13   1.7017e-12  -6.1047e-12   2.0968e-11  -6.9118e-11   2.1913e-10  -6.6938e-10   1.9732e-09  -5.6211e-09   1.5493e-08  -4.1361e-08   1.0705e-07  -2.6885e-07   6.5563e-07  -1.5535e-06   3.5788e-06  -8.0189e-06   1.7484e-05  -3.7109e-05   7.6688e-05  -1.5435e-04   3.0259e-04  -5.7789e-04   1.0752e-03  -1.9487e-03   3.4401e-03  -5.9143e-03   9.8998e-03  -1.6128e-02
   7.5904e-21  -1.0301e-19   9.8309e-19  -7.6184e-18   5.0843e-17  -3.0175e-16   1.6254e-15  -8.0575e-15   3.7139e-14  -1.6041e-13   6.5314e-13  -2.5195e-12   9.2450e-12  -3.2376e-11   1.0852e-10  -3.4896e-10   1.0788e-09  -3.2123e-09   9.2267e-09  -2.5599e-08   6.8688e-08  -1.7843e-07   4.4914e-07  -1.0964e-06   2.5975e-06  -5.9758e-06   1.3357e-05  -2.9021e-05   6.1311e-05  -1.2599e-04   2.5188e-04  -4.8998e-04   9.2754e-04  -1.7087e-03   3.0630e-03  -5.3419e-03   9.0622e-03  -1.4949e-02   2.3967e-02  -3.7325e-02
   5.1679e-20  -6.8656e-19   6.4130e-18  -4.8628e-17   3.1746e-16  -1.8426e-15   9.7037e-15  -4.7019e-14   2.1177e-13  -8.9346e-13   3.5526e-12  -1.3378e-11   4.7906e-11  -1.6366e-10   5.3492e-10  -1.6768e-09   5.0511e-09  -1.4648e-08   4.0960e-08  -1.1058e-07   2.8857e-07  -7.2865e-07   1.7819e-06  -4.2234e-06   9.7086e-06  -2.1658e-05   4.6907e-05  -9.8675e-05   2.0168e-04  -4.0057e-04   7.7329e-04  -1.4511e-03   2.6467e-03  -4.6919e-03   8.0824e-03  -1.3525e-02   2.1978e-02  -3.4660e-02   5.3009e-02  -7.8554e-02
   3.3779e-19  -4.3910e-18   4.0123e-17  -2.9754e-16   1.8992e-15  -1.0775e-14   5.5448e-14  -2.6245e-13   1.1544e-12  -4.7545e-12   1.8450e-11  -6.7779e-11   2.3668e-10  -7.8821e-10   2.5103e-09  -7.6642e-09   2.2477e-08  -6.3430e-08   1.7250e-07  -4.5271e-07   1.1478e-06  -2.8141e-06   6.6777e-06  -1.5348e-05   3.4189e-05  -7.3848e-05   1.5474e-04  -3.1466e-04   6.2104e-04  -1.1900e-03   2.2136e-03  -3.9975e-03   7.0076e-03  -1.1921e-02   1.9672e-02  -3.1476e-02   4.8798e-02  -7.3237e-02   1.0629e-01  -1.4895e-01
   2.1196e-18  -2.6947e-17   2.4075e-16  -1.7452e-15   1.0885e-14  -6.0330e-14   3.0320e-13  -1.4011e-12   6.0142e-12  -2.4167e-11   9.1454e-11  -3.2753e-10   1.1145e-09  -3.6152e-09   1.1210e-08  -3.3306e-08   9.5006e-08  -2.6064e-07   6.8871e-07  -1.7551e-06   4.3182e-06  -1.0267e-05   2.3611e-05  -5.2551e-05   1.1326e-04  -2.3651e-04   4.7864e-04  -9.3902e-04   1.7861e-03  -3.2941e-03   5.8901e-03  -1.0209e-02   1.7148e-02  -2.7897e-02   4.3932e-02  -6.6914e-02   9.8470e-02  -1.3981e-01   1.9118e-01  -2.5120e-01
   1.2768e-17  -1.5868e-16   1.3854e-15  -9.8113e-15   5.9767e-14  -3.2341e-13   1.5863e-12  -7.1520e-12   2.9941e-11  -1.1729e-10   4.3257e-10  -1.5091e-09   4.9998e-09  -1.5784e-08   4.7609e-08  -1.3752e-07   3.8118e-07  -1.0155e-06   2.6044e-06  -6.4371e-06   1.5350e-05  -3.5347e-05   7.8661e-05  -1.6927e-04   3.5241e-04  -7.1009e-04   1.3852e-03  -2.6161e-03   4.7842e-03  -8.4705e-03   1.4516e-02  -2.4068e-02   3.8590e-02  -5.9786e-02   8.9409e-02  -1.2890e-01   1.7883e-01  -2.3822e-01   3.0382e-01  -3.6947e-01
   7.3837e-17  -8.9655e-16   7.6455e-15  -5.2865e-14   3.1433e-13  -1.6596e-12   7.9397e-12  -3.4901e-11   1.4240e-10  -5.4345e-10   1.9516e-09  -6.6267e-09   2.1359e-08  -6.5564e-08   1.9218e-07  -5.3917e-07   1.4506e-06  -3.7489e-06   9.3193e-06  -2.2311e-05   5.1493e-05  -1.1467e-04   2.4653e-04  -5.1203e-04   1.0277e-03  -1.9941e-03   3.7408e-03  -6.7846e-03   1.1895e-02  -2.0154e-02   3.2983e-02  -5.2103e-02   7.9374e-02  -1.1647e-01   1.6433e-01  -2.2248e-01   2.8820e-01  -3.5584e-01   4.1654e-01  -4.5863e-01
   4.0993e-16  -4.8603e-15   4.0458e-14  -2.7298e-13   1.5833e-12  -8.1510e-12   3.8009e-11  -1.6278e-10   6.4683e-10  -2.4029e-09   8.3957e-09  -2.7723e-08   8.6848e-08  -2.5896e-07   7.3689e-07  -2.0057e-06   5.2317e-06  -1.3099e-05   3.1521e-05  -7.2990e-05   1.6279e-04  -3.4996e-04   7.2558e-04  -1.4516e-03   2.8028e-03  -5.2240e-03   9.3988e-03  -1.6320e-02   2.7338e-02  -4.4154e-02   6.8701e-02  -1.0286e-01   1.4798e-01  -2.0413e-01   2.6928e-01  -3.3849e-01   4.0336e-01  -4.5235e-01   4.7203e-01  -4.4967e-01
   2.1848e-15  -2.5280e-14   2.0529e-13  -1.3508e-12   7.6371e-12  -3.8311e-11   1.7400e-10  -7.2550e-10   2.8052e-09  -1.0135e-08   3.4425e-08  -1.1043e-07   3.3592e-07  -9.7191e-07   2.6819e-06  -7.0734e-06   1.7864e-05  -4.3272e-05   1.0065e-04  -2.2507e-04   4.8422e-04  -1.0030e-03   2.0012e-03  -3.8473e-03   7.1279e-03  -1.2725e-02   2.1888e-02  -3.6252e-02   5.7778e-02  -8.8524e-02   1.3020e-01  -1.8350e-01   2.4719e-01  -3.1720e-01   3.8591e-01  -4.4215e-01   4.7215e-01  -4.6201e-01   4.0132e-01  -2.8752e-01
   1.1179e-14  -1.2615e-13   9.9877e-13  -6.4044e-12   3.5273e-11  -1.7229e-10   7.6155e-10  -3.0888e-09   1.1612e-08  -4.0768e-08   1.3447e-07  -4.1868e-07   1.2352e-06  -3.4638e-06   9.2570e-06  -2.3627e-05   5.7694e-05  -1.3499e-04   3.0300e-04  -6.5307e-04   1.3527e-03  -2.6937e-03   5.1596e-03  -9.5065e-03   1.6848e-02  -2.8712e-02   4.7024e-02  -7.3954e-02   1.1154e-01  -1.6108e-01   2.2222e-01  -2.9195e-01   3.6371e-01  -4.2700e-01   4.6810e-01  -4.7206e-01   4.2632e-01  -3.2530e-01   1.7485e-01   5.1313e-03
   5.4909e-14  -6.0397e-13   4.6587e-12  -2.9092e-11   1.5596e-10  -7.4118e-10   3.1859e-09  -1.2559e-08   4.5860e-08  -1.5630e-07   5.0017e-07  -1.5098e-06   4.3150e-06  -1.1713e-05   3.0276e-05  -7.4668e-05   1.7601e-04  -3.9712e-04   8.5852e-04  -1.7799e-03   3.5410e-03  -6.7623e-03   1.2399e-02  -2.1823e-02   3.6861e-02  -5.9707e-02   9.2653e-02  -1.3754e-01   1.9492e-01  -2.6299e-01   3.3650e-01  -4.0605e-01   4.5835e-01  -4.7777e-01   4.4971e-01  -3.6522e-01   2.2612e-01  -4.8635e-02  -1.3634e-01   2.8815e-01
   2.5893e-13  -2.7741e-12   2.0833e-11  -1.2660e-10   6.6012e-10  -3.0496e-09   1.2736e-08  -4.8750e-08   1.7275e-07  -5.7096e-07   1.7705e-06  -5.1749e-06   1.4310e-05  -3.7549e-05   9.3727e-05  -2.2300e-04   5.0654e-04  -1.0999e-03   2.2852e-03  -4.5463e-03   8.6640e-03  -1.5819e-02   2.7669e-02  -4.6340e-02   7.4256e-02  -1.1371e-01   1.6610e-01  -2.3090e-01   3.0439e-01  -3.7870e-01   4.4148e-01  -4.7698e-01   4.6884e-01  -4.0470e-01   2.8170e-01  -1.1127e-01  -7.9079e-02   2.4904e-01  -3.5479e-01   3.6285e-01
   1.1721e-12  -1.2223e-11   8.9302e-11  -5.2767e-10   2.6740e-09  -1.1998e-08   4.8638e-08  -1.8060e-07   6.2034e-07  -1.9860e-06   5.9607e-06  -1.6848e-05   4.5010e-05  -1.1399e-04   2.7433e-04  -6.2850e-04   1.3729e-03  -2.8625e-03   5.7016e-03  -1.0854e-02   1.9752e-02  -3.4355e-02   5.7083e-02  -9.0521e-02   1.3680e-01  -1.9663e-01   2.6797e-01  -3.4484e-01   4.1644e-01  -4.6756e-01   4.8075e-01  -4.4045e-01   3.3876e-01  -1.8123e-01  -9.6353e-03   1.9561e-01  -3.3046e-01   3.7359e-01  -3.0590e-01   1.4202e-01
   5.0941e-12  -5.1666e-11   3.6693e-10  -2.1064e-09   1.0364e-08  -4.5126e-08   1.7739e-07  -6.3823e-07   2.1227e-06  -6.5746e-06   1.9073e-05  -5.2057e-05   1.3415e-04  -3.2735e-04   7.5807e-04  -1.6689e-03   3.4977e-03  -6.9849e-03   1.3299e-02  -2.4145e-02   4.1796e-02  -6.8942e-02   1.0824e-01  -1.6149e-01   2.2836e-01  -3.0500e-01   3.8274e-01  -4.4777e-01   4.8241e-01  -4.6858e-01   3.9338e-01  -2.5563e-01   7.1142e-02   1.2612e-01  -2.8947e-01   3.7194e-01  -3.4331e-01   2.0555e-01   5.6892e-04  -2.0382e-01
   2.1253e-11  -2.0948e-10   1.4450e-09  -8.0521e-09   3.8432e-08  -1.6221e-07   6.1763e-07  -2.1508e-06   6.9174e-06  -2.0700e-05   5.7957e-05  -1.5251e-04   3.7845e-04  -8.8805e-04   1.9747e-03  -4.1677e-03   8.3578e-03  -1.5937e-02   2.8902e-02  -4.9845e-02   8.1687e-02  -1.2706e-01   1.8719e-01  -2.6047e-01   3.4080e-01  -4.1663e-01   4.7118e-01  -4.8494e-01   4.4063e-01  -3.2999e-01   1.6061e-01   4.0286e-02  -2.2828e-01   3.5202e-01  -3.7015e-01   2.6975e-01  -7.8162e-02  -1.3942e-01   3.0006e-01  -3.3597e-01
   8.5124e-11  -8.1472e-10   5.4536e-09  -2.9470e-08   1.3631e-07  -5.5706e-07   2.0522e-06  -6.9080e-06   2.1456e-05  -6.1938e-05   1.6711e-04  -4.2317e-04   1.0092e-03  -2.2723e-03   4.8400e-03  -9.7653e-03   1.8680e-02  -3.3887e-02   5.8292e-02  -9.5010e-02   1.4652e-01  -2.1329e-01   2.9207e-01  -3.7429e-01   4.4530e-01  -4.8567e-01   4.7495e-01  -3.9824e-01   2.5392e-01  -5.9967e-02  -1.4486e-01   3.0801e-01  -3.7855e-01   3.2738e-01  -1.6443e-01  -5.6659e-02   2.5251e-01  -3.4143e-01   2.8094e-01  -9.3535e-02
   3.2731e-10  -3.0392e-09   1.9723e-08  -1.0325e-07   4.6227e-07  -1.8272e-06   6.5044e-06  -2.1135e-05   6.3299e-05  -1.7599e-04   4.5670e-04  -1.1108e-03   2.5401e-03  -5.4742e-03   1.1137e-02  -2.1412e-02   3.8920e-02  -6.6875e-02   1.0854e-01  -1.6611e-01   2.3910e-01  -3.2235e-01   4.0454e-01  -4.6796e-01   4.9092e-01  -4.5316e-01   3.4381e-01  -1.6968e-01  -3.9866e-02   2.3547e-01  -3.5999e-01   3.6870e-01  -2.5087e-01   4.2426e-02   1.7959e-01  -3.2369e-01   3.2384e-01  -1.7505e-01  -5.5878e-02   2.5587e-01
   1.2082e-09  -1.0873e-08   6.8340e-08  -3.4621e-07   1.4987e-06  -5.7221e-06   1.9655e-05  -6.1560e-05   1.7749e-04  -4.7439e-04   1.1817e-03  -2.7542e-03   6.0238e-03  -1.2389e-02   2.3995e-02  -4.3786e-02   7.5282e-02  -1.2184e-01   1.8529e-01  -2.6396e-01   3.5058e-01  -4.3090e-01   4.8425e-01  -4.8728e-01   4.2110e-01  -2.8050e-01   8.2144e-02   1.3298e-01  -3.0683e-01   3.8210e-01  -3.2615e-01   1.5129e-01   8.0327e-02  -2.7482e-01   3.4502e-01  -2.5398e-01   4.0759e-02   1.9023e-01  -3.1793e-01   2.7040e-01
   4.2816e-09  -3.7309e-08   2.2686e-07  -1.1108e-06   4.6434e-06  -1.7101e-05   5.6598e-05  -1.7057e-04   4.7256e-04  -1.2118e-03   2.8909e-03  -6.4398e-03   1.3431e-02  -2.6274e-02   4.8245e-02  -8.3164e-02   1.3446e-01  -2.0348e-01   2.8726e-01  -3.7620e-01   4.5303e-01  -4.9431e-01   4.7572e-01  -3.8091e-01   2.1183e-01   4.0451e-03  -2.1463e-01   3.5596e-01  -3.7542e-01   2.5770e-01  -4.0878e-02  -1.8954e-01   3.3220e-01  -3.1726e-01   1.4684e-01   9.6408e-02  -2.8481e-01   3.1290e-01  -1.6127e-01  -8.3832e-02
   1.4566e-08  -1.2276e-07   7.2133e-07  -3.4097e-06   1.3744e-05  -4.8754e-05   1.5521e-04  -4.4928e-04   1.1936e-03  -2.9296e-03   6.6757e-03  -1.4171e-02   2.8086e-02  -5.2038e-02   9.0152e-02  -1.4591e-01   2.2015e-01  -3.0846e-01   3.9881e-01  -4.7089e-01   4.9873e-01  -4.5770e-01   3.3517e-01  -1.4139e-01  -8.4869e-02   2.8159e-01  -3.8222e-01   3.4363e-01  -1.7199e-01  -6.8474e-02   2.7447e-01  -3.4811e-01   2.4851e-01  -2.1800e-02  -2.1332e-01   3.2538e-01  -2.4673e-01   2.0905e-02   2.1488e-01  -3.1063e-01
   4.7572e-08  -3.8735e-07   2.1966e-06  -1.0010e-05   3.8850e-05  -1.3252e-04   4.0504e-04  -1.1238e-03   2.8564e-03  -6.6932e-03   1.4524e-02  -2.9276e-02   5.4907e-02  -9.5870e-02   1.5572e-01  -2.3476e-01   3.2711e-01  -4.1823e-01   4.8477e-01  -4.9848e-01   4.3509e-01  -2.8661e-01   7.2464e-02   1.5728e-01  -3.3235e-01   3.8712e-01  -2.9229e-01   7.8134e-02   1.6679e-01  -3.2897e-01   3.2505e-01  -1.5175e-01  -1.0151e-01   2.9331e-01  -3.0958e-01   1.3699e-01   1.1934e-01  -2.9488e-01   2.7174e-01  -6.3229e-02
   1.4915e-07  -1.1719e-06   6.4049e-06  -2.8096e-05   1.0483e-04  -3.4319e-04   1.0051e-03  -2.6670e-03   6.4681e-03  -1.4425e-02   2.9703e-02  -5.6609e-02   9.9954e-02  -1.6342e-01   2.4683e-01  -3.4284e-01   4.3441e-01  -4.9518e-01   4.9483e-01  -4.0994e-01   2.3789e-01  -7.7980e-03  -2.1936e-01   3.6699e-01  -3.7382e-01   2.2783e-01   1.5518e-02  -2.4703e-01   3.5155e-01  -2.7016e-01   4.1891e-02   2.0666e-01  -3.2826e-01   2.4545e-01  -7.3280e-03  -2.3218e-01   3.1126e-01  -1.7301e-01  -8.6629e-02   2.7977e-01
   4.4895e-07  -3.3990e-06   1.7879e-05  -7.5378e-05   2.6986e-04  -8.4629e-04   2.3694e-03  -5.9968e-03   1.3836e-02  -2.9263e-02   5.6935e-02  -1.0207e-01   1.6856e-01  -2.5589e-01   3.5535e-01  -4.4744e-01   5.0283e-01  -4.8924e-01   3.8439e-01  -1.9146e-01  -5.0524e-02   2.7032e-01  -3.8697e-01   3.4653e-01  -1.5671e-01  -1.0224e-01   3.0547e-01  -3.4475e-01   1.9331e-01   6.6984e-02  -2.8265e-01   3.1845e-01  -1.4801e-01  -1.1852e-01   2.9971e-01  -2.6673e-01   4.1062e-02   2.1200e-01  -3.0089e-01   1.5552e-01
   1.2973e-06  -9.4512e-06   4.7771e-05  -1.9322e-04   6.6245e-04  -1.9855e-03   5.3006e-03  -1.2758e-02   2.7902e-02  -5.5731e-02   1.0192e-01  -1.7075e-01   2.6152e-01  -3.6437e-01   4.5746e-01  -5.0850e-01   4.8321e-01  -3.6049e-01   1.4943e-01   1.0112e-01  -3.1038e-01   3.9475e-01  -3.0991e-01   8.4702e-02   1.7742e-01  -3.4150e-01   3.1396e-01  -1.0507e-01  -1.6364e-01   3.2462e-01  -2.7090e-01   3.5119e-02   2.2140e-01  -3.1537e-01   1.7591e-01   9.4209e-02  -2.8784e-01   2.5182e-01  -1.3581e-02  -2.3272e-01
   3.5987e-06  -2.5190e-05   1.2213e-04  -4.7300e-04   1.5496e-03  -4.4278e-03   1.1238e-02  -2.5633e-02   5.2922e-02  -9.9312e-02   1.6962e-01  -2.6329e-01   3.6960e-01  -4.6457e-01   5.1294e-01  -4.7821e-01   3.4017e-01  -1.1357e-01  -1.4322e-01   3.4052e-01  -3.9339e-01   2.6856e-01  -1.6434e-02  -2.3867e-01   3.5710e-01  -2.6606e-01   1.5075e-02   2.4078e-01  -3.3331e-01   1.9664e-01   7.6406e-02  -2.8950e-01   2.8302e-01  -5.9772e-02  -2.0707e-01   3.0391e-01  -1.5037e-01  -1.2674e-01   2.9229e-01  -2.0251e-01
   9.5838e-06  -6.4345e-05   2.9870e-04  -1.1053e-03   3.4518e-03  -9.3757e-03   2.2547e-02  -4.8536e-02   9.4122e-02  -1.6488e-01   2.6077e-01  -3.7069e-01   4.6877e-01  -5.1676e-01   4.7554e-01  -3.2513e-01   8.5289e-02   1.7654e-01  -3.6227e-01   3.8616e-01  -2.2664e-01  -4.4803e-02   2.8556e-01  -3.5595e-01   2.0828e-01   6.9088e-02  -2.9520e-01   3.1363e-01  -1.0806e-01  -1.7345e-01   3.1886e-01  -2.1387e-01  -6.0005e-02   2.8074e-01  -2.6413e-01   2.3058e-02   2.3464e-01  -2.8173e-01   7.5314e-02   1.9712e-01
   2.4502e-05  -1.5750e-04   6.9860e-04  -2.4642e-03   7.3151e-03  -1.8825e-02   4.2726e-02  -8.6380e-02   1.5635e-01  -2.5358e-01   3.6715e-01  -4.6983e-01   5.2033e-01  -4.7628e-01   3.1686e-01  -6.5783e-02  -2.0108e-01   3.7732e-01  -3.7628e-01   1.8766e-01   9.7011e-02  -3.1922e-01   3.4271e-01  -1.4716e-01  -1.4240e-01   3.2726e-01  -2.7294e-01   1.6517e-02   2.4796e-01  -3.1222e-01   1.2264e-01   1.6555e-01  -3.0883e-01   1.8256e-01   1.0299e-01  -2.9184e-01   2.1112e-01   6.4759e-02  -2.7586e-01   2.2003e-01
   6.0137e-05  -3.6939e-04   1.5619e-03  -5.2375e-03   1.4733e-02  -3.5788e-02   7.6295e-02  -1.4400e-01   2.4136e-01  -3.5842e-01   4.6724e-01  -5.2361e-01   4.8111e-01  -3.1657e-01   5.6099e-02   2.1687e-01  -3.8735e-01   3.6667e-01  -1.5444e-01  -1.3926e-01   3.4180e-01  -3.2225e-01   8.8077e-02   2.0236e-01  -3.3995e-01   2.1936e-01   6.9096e-02  -2.9694e-01   2.7685e-01  -2.4007e-02  -2.4527e-01   2.9421e-01  -7.8060e-02  -2.0625e-01   2.9417e-01  -1.0215e-01  -1.8548e-01   2.8806e-01  -1.0402e-01  -1.8203e-01
   1.4169e-04  -8.2988e-04   3.3367e-03  -1.0605e-02   2.8167e-02  -6.4291e-02   1.2801e-01  -2.2385e-01   3.4379e-01  -4.6012e-01   5.2604e-01  -4.9024e-01   3.2520e-01  -5.7257e-02  -2.2375e-01   3.9368e-01  -3.5978e-01   1.2914e-01   1.7136e-01  -3.5595e-01   2.9914e-01  -3.4949e-02  -2.4862e-01   3.3781e-01  -1.6047e-01  -1.4301e-01   3.2162e-01  -2.2218e-01  -6.9914e-02   2.9435e-01  -2.4601e-01  -3.0778e-02   2.7400e-01  -2.4905e-01  -1.9787e-02   2.6506e-01  -2.3922e-01  -3.1113e-02   2.6562e-01  -2.1840e-01
   3.2051e-04  -1.7856e-03   6.8076e-03  -2.0439e-02   5.1038e-02  -1.0888e-01   2.0105e-01  -3.2254e-01   4.4724e-01  -5.2646e-01   5.0319e-01  -3.4329e-01   7.0327e-02   2.2116e-01  -3.9706e-01   3.5750e-01  -1.1347e-01  -1.9351e-01   3.6437e-01  -2.7736e-01  -9.6261e-03   2.8238e-01  -3.2600e-01   1.0253e-01   2.0254e-01  -3.2613e-01   1.5772e-01   1.5093e-01  -3.1379e-01   1.7632e-01   1.2917e-01  -3.0270e-01   1.7098e-01   1.3226e-01  -2.9481e-01   1.4726e-01   1.5395e-01  -2.8626e-01   1.0680e-01   1.8729e-01
   6.9600e-04  -3.6787e-03   1.3256e-02  -3.7449e-02   8.7487e-02  -1.7330e-01   2.9408e-01  -4.2704e-01   5.2291e-01  -5.1866e-01   3.7082e-01  -9.6415e-02  -2.0792e-01   3.9743e-01  -3.6105e-01   1.0877e-01   2.0586e-01  -3.6941e-01   2.6015e-01   4.4110e-02  -3.0570e-01   3.0954e-01  -5.0137e-02  -2.4748e-01   3.1608e-01  -9.1649e-02  -2.1494e-01   3.0857e-01  -9.7149e-02  -2.0786e-01   2.9610e-01  -7.6605e-02  -2.1986e-01   2.7772e-01  -3.5139e-02  -2.4233e-01   2.4812e-01   2.3438e-02  -2.6493e-01   2.0109e-01
   1.4509e-03  -7.2543e-03   2.4621e-02  -6.5147e-02   1.4154e-01  -2.5820e-01   3.9782e-01  -5.1272e-01   5.3420e-01  -4.0689e-01   1.3653e-01   1.8214e-01  -3.9360e-01   3.7080e-01  -1.1620e-01  -2.0822e-01   3.7277e-01  -2.5003e-01  -6.7629e-02   3.2093e-01  -2.9287e-01   6.3416e-03   2.7938e-01  -2.9746e-01   3.0082e-02   2.6137e-01  -2.8578e-01   1.8493e-02   2.6316e-01  -2.6249e-01  -1.9123e-02   2.7540e-01  -2.2459e-01  -7.5727e-02   2.8619e-01  -1.6723e-01  -1.4284e-01   2.8236e-01  -8.8063e-02  -2.0821e-01
   2.9038e-03  -1.3689e-02   4.3575e-02  -1.0742e-01   2.1546e-01  -3.5814e-01   4.9256e-01  -5.4604e-01   4.4932e-01  -1.9122e-01  -1.4120e-01   3.8302e-01  -3.8603e-01   1.3672e-01   1.9973e-01  -3.7520e-01   2.4878e-01   7.9556e-02  -3.3017e-01   2.7963e-01   2.7048e-02  -3.0072e-01   2.7581e-01   2.3004e-02  -2.9214e-01   2.5289e-01   5.2667e-02  -2.9594e-01   2.1193e-01   1.0528e-01  -2.9898e-01   1.4957e-01   1.6963e-01  -2.8648e-01   6.4492e-02   2.3097e-01  -2.4506e-01  -3.7913e-02   2.7080e-01  -1.6699e-01
   5.5790e-03  -2.4706e-02   7.3417e-02  -1.6753e-01   3.0737e-01  -4.5887e-01   5.4898e-01  -4.9404e-01   2.5996e-01   8.2044e-02  -3.6152e-01   4.0447e-01  -1.7093e-01  -1.7867e-01   3.7617e-01  -2.5750e-01  -7.9148e-02   3.3482e-01  -2.7256e-01  -4.8990e-02   3.1416e-01  -2.5578e-01  -6.5451e-02   3.1060e-01  -2.1668e-01  -1.1241e-01   3.1010e-01  -1.5397e-01  -1.7566e-01   2.9574e-01  -6.6401e-02  -2.3812e-01   2.5176e-01   4.0407e-02  -2.7872e-01   1.6880e-01   1.5023e-01  -2.7588e-01   4.9940e-02   2.3691e-01
   1.0290e-02  -4.2629e-02   1.1760e-01  -2.4645e-01   4.0865e-01  -5.3664e-01   5.3454e-01  -3.4014e-01  -1.8365e-03   3.2322e-01  -4.2168e-01   2.1853e-01   1.4240e-01  -3.7357e-01   2.7638e-01   6.5275e-02  -3.3521e-01   2.7347e-01   5.8738e-02  -3.2200e-01   2.4103e-01   9.6353e-02  -3.2058e-01   1.8269e-01   1.5935e-01  -3.1102e-01   9.6429e-02   2.2833e-01  -2.7345e-01  -1.4003e-02   2.7944e-01  -1.9414e-01  -1.3287e-01   2.8699e-01  -7.2998e-02  -2.3175e-01   2.3199e-01   7.0603e-02  -2.7636e-01   1.1363e-01
   1.8221e-02  -7.0277e-02   1.7878e-01  -3.4073e-01   5.0226e-01  -5.6157e-01   4.2576e-01  -1.0075e-01  -2.6088e-01   4.3038e-01  -2.7743e-01  -8.7721e-02   3.6329e-01  -3.0434e-01  -3.6357e-02   3.3023e-01  -2.8322e-01  -5.5435e-02   3.2563e-01  -2.3418e-01  -1.1542e-01   3.2568e-01  -1.5504e-01  -1.9384e-01   3.0438e-01  -4.4876e-02  -2.6452e-01   2.4039e-01   8.4542e-02  -2.9676e-01   1.2585e-01   2.0475e-01  -2.6347e-01  -2.4730e-02   2.7592e-01  -1.5551e-01  -1.7210e-01   2.6252e-01   5.5649e-03  -2.6257e-01
   3.0973e-02  -1.1061e-01   2.5742e-01  -4.4046e-01   5.6356e-01  -5.0610e-01   2.2342e-01   1.6698e-01  -4.1983e-01   3.4234e-01   1.1674e-02  -3.3898e-01   3.3829e-01  -9.3873e-03  -3.1702e-01   3.0139e-01   3.7868e-02  -3.2519e-01   2.3693e-01   1.2240e-01  -3.2867e-01   1.3669e-01   2.1705e-01  -2.9531e-01   2.7964e-03   2.8734e-01  -2.0399e-01  -1.4177e-01   2.9600e-01  -5.6989e-02  -2.5386e-01   2.1889e-01   1.1168e-01  -2.8498e-01   6.4518e-02   2.4193e-01  -2.0761e-01  -1.1675e-01   2.7250e-01  -4.0591e-02
   5.0545e-02  -1.6607e-01   3.5008e-01  -5.2847e-01   5.6498e-01  -3.5747e-01  -3.6271e-02   3.7599e-01  -4.0283e-01   8.6684e-02   2.9210e-01  -3.7201e-01   7.3174e-02   2.9074e-01  -3.2581e-01  -4.4879e-03   3.1915e-01  -2.4996e-01  -1.1658e-01   3.3117e-01  -1.2967e-01  -2.3022e-01   2.8795e-01   2.7886e-02  -3.0059e-01   1.7020e-01   1.8509e-01  -2.8405e-01  -5.3834e-03   2.8239e-01  -1.6410e-01  -1.8097e-01   2.6662e-01   2.5709e-02  -2.7716e-01   1.2858e-01   2.0287e-01  -2.3642e-01  -7.4179e-02   2.7239e-01
   7.9186e-02  -2.3755e-01   4.4789e-01  -5.8178e-01   4.8474e-01  -1.2995e-01  -2.8335e-01   4.4159e-01  -2.0330e-01  -2.1305e-01   3.9497e-01  -1.5411e-01  -2.4469e-01   3.5165e-01  -4.6142e-02  -3.0399e-01   2.7266e-01   9.6536e-02  -3.3323e-01   1.3537e-01   2.3399e-01  -2.8529e-01  -4.6149e-02   3.0788e-01  -1.4335e-01  -2.1565e-01   2.6744e-01   5.7224e-02  -2.9506e-01   1.0814e-01   2.3088e-01  -2.3077e-01  -1.0486e-01   2.8201e-01  -4.1778e-02  -2.5677e-01   1.6957e-01   1.6965e-01  -2.4988e-01  -4.7425e-02
   1.1910e-01  -3.2324e-01   5.3615e-01  -5.7623e-01   3.1767e-01   1.2981e-01  -4.3382e-01   3.2486e-01   9.4074e-02  -3.9139e-01   2.4668e-01   1.7131e-01  -3.7040e-01   1.1424e-01   2.7406e-01  -3.0242e-01  -6.0152e-02   3.3299e-01  -1.5456e-01  -2.2786e-01   2.8894e-01   5.1238e-02  -3.1195e-01   1.2643e-01   2.3533e-01  -2.5162e-01  -9.6828e-02   2.9750e-01  -5.7510e-02  -2.6334e-01   1.8704e-01   1.6788e-01  -2.6464e-01  -4.0282e-02   2.7947e-01  -8.8510e-02  -2.3552e-01   1.9240e-01   1.4769e-01  -2.5410e-01
   1.7196e-01  -4.1758e-01   5.9547e-01  -4.9394e-01   8.4054e-02   3.5050e-01  -4.2422e-01   6.4877e-02   3.4112e-01  -3.3730e-01  -6.4591e-02   3.6890e-01  -1.9677e-01  -2.2190e-01   3.3363e-01   5.1802e-03  -3.2618e-01   1.8709e-01   2.0990e-01  -2.9904e-01  -4.2202e-02   3.1420e-01  -1.2144e-01  -2.4579e-01   2.4073e-01   1.2391e-01  -2.9507e-01   1.6306e-02   2.8226e-01  -1.4331e-01  -2.1398e-01   2.3431e-01   1.1002e-01  -2.7724e-01   7.0719e-03   2.7035e-01  -1.1640e-01  -2.2020e-01   2.0160e-01   1.3897e-01
   2.3835e-01  -5.1072e-01   6.0528e-01  -3.3180e-01  -1.6870e-01   4.5844e-01  -2.4702e-01  -2.2437e-01   4.0105e-01  -7.4907e-02  -3.2971e-01   2.8443e-01   1.3973e-01  -3.5632e-01   6.9403e-02   3.0584e-01  -2.3103e-01  -1.7664e-01   3.1373e-01   1.7702e-02  -3.1427e-01   1.2967e-01   2.4781e-01  -2.3754e-01  -1.3869e-01   2.9218e-01   1.3217e-02  -2.9217e-01   1.0533e-01   2.4518e-01  -1.9948e-01  -1.6442e-01   2.5862e-01   6.5445e-02  -2.7883e-01   3.6488e-02   2.6190e-01  -1.2825e-01  -2.1385e-01   1.9997e-01
   3.1716e-01  -5.8899e-01   5.4915e-01  -1.0787e-01  -3.7541e-01   4.0827e-01   3.3183e-02  -4.0127e-01   2.3242e-01   2.3445e-01  -3.5817e-01  -2.2990e-02   3.5525e-01  -1.6088e-01  -2.6248e-01   2.8128e-01   1.2355e-01  -3.2853e-01   2.3730e-02   3.0966e-01  -1.5172e-01  -2.4072e-01   2.4353e-01   1.4112e-01  -2.9190e-01  -2.9858e-02   2.9711e-01  -7.6883e-02  -2.6477e-01   1.6685e-01   2.0375e-01  -2.3210e-01  -1.2435e-01   2.6875e-01   3.6915e-02  -2.7647e-01   4.9172e-02   2.5770e-01  -1.2615e-01  -2.1686e-01
   4.0516e-01  -6.3665e-01   4.2090e-01   1.3798e-01  -4.7291e-01   2.0892e-01   2.9769e-01  -3.7022e-01  -7.2783e-02   3.8717e-01  -1.2334e-01  -3.1072e-01   2.5903e-01   1.8564e-01  -3.2757e-01  -4.6441e-02   3.3541e-01  -8.2774e-02  -2.9531e-01   1.8702e-01   2.2212e-01  -2.5868e-01  -1.3035e-01   2.9570e-01   3.2758e-02  -3.0002e-01   6.0334e-02   2.7617e-01  -1.4126e-01  -2.3015e-01   2.0491e-01   1.6857e-01  -2.4851e-01  -9.8024e-02   2.7124e-01   2.4570e-02  -2.7388e-01   4.6516e-02   2.5840e-01  -1.1093e-01
   4.9688e-01  -6.3881e-01   2.2939e-01   3.5132e-01  -4.2450e-01  -7.0161e-02   4.2433e-01  -1.4124e-01  -3.3273e-01   2.7575e-01   2.0354e-01  -3.4182e-01  -6.8017e-02   3.5266e-01  -5.5634e-02  -3.2224e-01   1.5744e-01   2.6353e-01  -2.3286e-01  -1.8782e-01   2.8096e-01   1.0447e-01  -3.0313e-01  -2.0908e-02   3.0224e-01  -5.7229e-02  -2.8194e-01   1.2592e-01   2.4626e-01  -1.8252e-01  -1.9928e-01   2.2557e-01   1.4488e-01  -2.5455e-01  -8.6608e-02   2.6971e-01   2.7605e-02  -2.7187e-01   2.9462e-02   2.6230e-01
   5.8499e-01  -5.8496e-01  -4.2205e-05   4.7764e-01  -2.3877e-01  -3.2044e-01   3.4878e-01   1.6485e-01  -3.8454e-01  -2.7250e-02   3.7342e-01  -8.6603e-02  -3.3252e-01   1.7543e-01   2.7355e-01  -2.4010e-01  -2.0484e-01   2.8261e-01   1.3246e-01  -3.0546e-01  -6.0803e-02   3.1137e-01  -6.9750e-03  -3.0307e-01   6.8688e-02   2.8321e-01  -1.2289e-01  -2.5426e-01   1.6873e-01   2.1851e-01  -2.0578e-01  -1.7800e-01   2.3401e-01   1.3455e-01  -2.5361e-01  -8.9746e-02   2.6502e-01   4.4958e-02  -2.6881e-01  -1.3361e-03
   6.6119e-01  -4.7225e-01  -2.2902e-01   4.8003e-01   2.6904e-02  -4.3795e-01   1.0314e-01   3.7762e-01  -1.9184e-01  -3.1035e-01   2.5209e-01   2.4162e-01  -2.9118e-01  -1.7446e-01   3.1389e-01   1.1065e-01  -3.2368e-01  -5.1279e-02   3.2319e-01  -3.0466e-03  -3.1452e-01   5.1995e-02   2.9937e-01  -9.5438e-02  -2.7915e-01   1.3339e-01   2.5505e-01  -1.6595e-01  -2.2805e-01   1.9331e-01   1.9901e-01  -2.1570e-01  -1.6864e-01   2.3337e-01   1.3756e-01  -2.4662e-01  -1.0627e-01   2.5575e-01   7.5235e-02  -2.6105e-01
   7.1742e-01  -3.0745e-01  -4.1412e-01   3.5350e-01   2.8290e-01  -3.7039e-01  -1.9345e-01   3.7425e-01   1.2425e-01  -3.7060e-01  -6.7649e-02   3.6209e-01   1.9974e-02  -3.5026e-01   2.0870e-02   3.3607e-01  -5.6213e-02  -3.2020e-01   8.6972e-02   3.0311e-01  -1.1382e-01  -2.8516e-01   1.3725e-01   2.6663e-01  -1.5769e-01  -2.4772e-01   1.7544e-01   2.2862e-01  -1.9080e-01  -2.0946e-01   2.0398e-01   1.9036e-01  -2.1519e-01  -1.7140e-01   2.2460e-01   1.5266e-01  -2.3236e-01  -1.3421e-01   2.3861e-01   1.1611e-01
   7.4730e-01  -1.0675e-01  -5.1764e-01   1.2985e-01   4.3901e-01  -1.4419e-01  -3.9235e-01   1.5468e-01   3.5920e-01  -1.6294e-01  -3.3341e-01   1.6972e-01   3.1222e-01  -1.7543e-01  -2.9416e-01   1.8033e-01   2.7838e-01  -1.8459e-01  -2.6432e-01   1.8833e-01   2.5161e-01  -1.9163e-01  -2.3999e-01   1.9457e-01   2.2927e-01  -1.9719e-01  -2.1929e-01   1.9953e-01   2.0995e-01  -2.0163e-01  -2.0116e-01   2.0351e-01   1.9286e-01  -2.0520e-01  -1.8497e-01   2.0671e-01   1.7746e-01  -2.0807e-01  -1.7029e-01   2.0928e-01
   7.4730e-01   1.0675e-01  -5.1764e-01  -1.2985e-01   4.3901e-01   1.4419e-01  -3.9235e-01  -1.5468e-01   3.5920e-01   1.6294e-01  -3.3341e-01  -1.6972e-01   3.1222e-01   1.7543e-01  -2.9416e-01  -1.8033e-01   2.7838e-01   1.8459e-01  -2.6432e-01  -1.8833e-01   2.5161e-01   1.9163e-01  -2.3999e-01  -1.9457e-01   2.2927e-01   1.9719e-01  -2.1929e-01  -1.9953e-01   2.0995e-01   2.0163e-01  -2.0116e-01  -2.0351e-01   1.9286e-01   2.0520e-01  -1.8497e-01  -2.0671e-01   1.7746e-01   2.0807e-01  -1.7029e-01  -2.0928e-01
   7.1742e-01   3.0745e-01  -4.1412e-01  -3.5350e-01   2.8290e-01   3.7039e-01  -1.9345e-01  -3.7425e-01   1.2425e-01   3.7060e-01  -6.7649e-02  -3.6209e-01   1.9974e-02   3.5026e-01   2.0870e-02  -3.3607e-01  -5.6213e-02   3.2020e-01   8.6972e-02  -3.0311e-01  -1.1382e-01   2.8516e-01   1.3725e-01  -2.6663e-01  -1.5769e-01   2.4772e-01   1.7544e-01  -2.2862e-01  -1.9080e-01   2.0946e-01   2.0398e-01  -1.9036e-01  -2.1519e-01   1.7140e-01   2.2460e-01  -1.5266e-01  -2.3236e-01   1.3421e-01   2.3861e-01  -1.1611e-01
   6.6119e-01   4.7225e-01  -2.2902e-01  -4.8003e-01   2.6904e-02   4.3795e-01   1.0314e-01  -3.7762e-01  -1.9184e-01   3.1035e-01   2.5209e-01  -2.4162e-01  -2.9118e-01   1.7446e-01   3.1389e-01  -1.1065e-01  -3.2368e-01   5.1279e-02   3.2319e-01   3.0466e-03  -3.1452e-01  -5.1995e-02   2.9937e-01   9.5438e-02  -2.7915e-01  -1.3339e-01   2.5505e-01   1.6595e-01  -2.2805e-01  -1.9331e-01   1.9901e-01   2.1570e-01  -1.6864e-01  -2.3337e-01   1.3756e-01   2.4662e-01  -1.0627e-01  -2.5575e-01   7.5235e-02   2.6105e-01
   5.8499e-01   5.8496e-01  -4.2205e-05  -4.7764e-01  -2.3877e-01   3.2044e-01   3.4878e-01  -1.6485e-01  -3.8454e-01   2.7250e-02   3.7342e-01   8.6603e-02  -3.3252e-01  -1.7543e-01   2.7355e-01   2.4010e-01  -2.0484e-01  -2.8261e-01   1.3246e-01   3.0546e-01  -6.0803e-02  -3.1137e-01  -6.9750e-03   3.0307e-01   6.8688e-02  -2.8321e-01  -1.2289e-01   2.5426e-01   1.6873e-01  -2.1851e-01  -2.0578e-01   1.7800e-01   2.3401e-01  -1.3455e-01  -2.5361e-01   8.9746e-02   2.6502e-01  -4.4958e-02  -2.6881e-01   1.3361e-03
   4.9688e-01   6.3881e-01   2.2939e-01  -3.5132e-01  -4.2450e-01   7.0161e-02   4.2433e-01   1.4124e-01  -3.3273e-01  -2.7575e-01   2.0354e-01   3.4182e-01  -6.8017e-02  -3.5266e-01  -5.5634e-02   3.2224e-01   1.5744e-01  -2.6353e-01  -2.3286e-01   1.8782e-01   2.8096e-01  -1.0447e-01  -3.0313e-01   2.0908e-02   3.0224e-01   5.7229e-02  -2.8194e-01  -1.2592e-01   2.4626e-01   1.8252e-01  -1.9928e-01  -2.2557e-01   1.4488e-01   2.5455e-01  -8.6608e-02  -2.6971e-01   2.7605e-02   2.7187e-01   2.9462e-02  -2.6230e-01
   4.0516e-01   6.3665e-01   4.2090e-01  -1.3798e-01  -4.7291e-01  -2.0892e-01   2.9769e-01   3.7022e-01  -7.2783e-02  -3.8717e-01  -1.2334e-01   3.1072e-01   2.5903e-01  -1.8564e-01  -3.2757e-01   4.6441e-02   3.3541e-01   8.2774e-02  -2.9531e-01  -1.8702e-01   2.2212e-01   2.5868e-01  -1.3035e-01  -2.9570e-01   3.2758e-02   3.0002e-01   6.0334e-02  -2.7617e-01  -1.4126e-01   2.3015e-01   2.0491e-01  -1.6857e-01  -2.4851e-01   9.8024e-02   2.7124e-01  -2.4570e-02  -2.7388e-01  -4.6516e-02   2.5840e-01   1.1093e-01
   3.1716e-01   5.8899e-01   5.4915e-01   1.0787e-01  -3.7541e-01  -4.0827e-01   3.3183e-02   4.0127e-01   2.3242e-01  -2.3445e-01  -3.5817e-01   2.2990e-02   3.5525e-01   1.6088e-01  -2.6248e-01  -2.8128e-01   1.2355e-01   3.2853e-01   2.3730e-02  -3.0966e-01  -1.5172e-01   2.4072e-01   2.4353e-01  -1.4112e-01  -2.9190e-01   2.9858e-02   2.9711e-01   7.6883e-02  -2.6477e-01  -1.6685e-01   2.0375e-01   2.3210e-01  -1.2435e-01  -2.6875e-01   3.6915e-02   2.7647e-01   4.9172e-02  -2.5770e-01  -1.2615e-01   2.1686e-01
   2.3835e-01   5.1072e-01   6.0528e-01   3.3180e-01  -1.6870e-01  -4.5844e-01  -2.4702e-01   2.2437e-01   4.0105e-01   7.4907e-02  -3.2971e-01  -2.8443e-01   1.3973e-01   3.5632e-01   6.9403e-02  -3.0584e-01  -2.3103e-01   1.7664e-01   3.1373e-01  -1.7702e-02  -3.1427e-01  -1.2967e-01   2.4781e-01   2.3754e-01  -1.3869e-01  -2.9218e-01   1.3217e-02   2.9217e-01   1.0533e-01  -2.4518e-01  -1.9948e-01   1.6442e-01   2.5862e-01  -6.5445e-02  -2.7883e-01  -3.6488e-02   2.6190e-01   1.2825e-01  -2.1385e-01  -1.9997e-01
   1.7196e-01   4.1758e-01   5.9547e-01   4.9394e-01   8.4054e-02  -3.5050e-01  -4.2422e-01  -6.4877e-02   3.4112e-01   3.3730e-01  -6.4591e-02  -3.6890e-01  -1.9677e-01   2.2190e-01   3.3363e-01  -5.1802e-03  -3.2618e-01  -1.8709e-01   2.0990e-01   2.9904e-01  -4.2202e-02  -3.1420e-01  -1.2144e-01   2.4579e-01   2.4073e-01  -1.2391e-01  -2.9507e-01  -1.6306e-02   2.8226e-01   1.4331e-01  -2.1398e-01  -2.3431e-01   1.1002e-01   2.7724e-01   7.0719e-03  -2.7035e-01  -1.1640e-01   2.2020e-01   2.0160e-01  -1.3897e-01
   1.1910e-01   3.2324e-01   5.3615e-01   5.7623e-01   3.1767e-01  -1.2981e-01  -4.3382e-01  -3.2486e-01   9.4074e-02   3.9139e-01   2.4668e-01  -1.7131e-01  -3.7040e-01  -1.1424e-01   2.7406e-01   3.0242e-01  -6.0152e-02  -3.3299e-01  -1.5456e-01   2.2786e-01   2.8894e-01  -5.1238e-02  -3.1195e-01  -1.2643e-01   2.3533e-01   2.5162e-01  -9.6828e-02  -2.9750e-01  -5.7510e-02   2.6334e-01   1.8704e-01  -1.6788e-01  -2.6464e-01   4.0282e-02   2.7947e-01   8.8510e-02  -2.3552e-01  -1.9240e-01   1.4769e-01   2.5410e-01
   7.9186e-02   2.3755e-01   4.4789e-01   5.8178e-01   4.8474e-01   1.2995e-01  -2.8335e-01  -4.4159e-01  -2.0330e-01   2.1305e-01   3.9497e-01   1.5411e-01  -2.4469e-01  -3.5165e-01  -4.6142e-02   3.0399e-01   2.7266e-01  -9.6536e-02  -3.3323e-01  -1.3537e-01   2.3399e-01   2.8529e-01  -4.6149e-02  -3.0788e-01  -1.4335e-01   2.1565e-01   2.6744e-01  -5.7224e-02  -2.9506e-01  -1.0814e-01   2.3088e-01   2.3077e-01  -1.0486e-01  -2.8201e-01  -4.1778e-02   2.5677e-01   1.6957e-01  -1.6965e-01  -2.4988e-01   4.7425e-02
   5.0545e-02   1.6607e-01   3.5008e-01   5.2847e-01   5.6498e-01   3.5747e-01  -3.6271e-02  -3.7599e-01  -4.0283e-01  -8.6684e-02   2.9210e-01   3.7201e-01   7.3174e-02  -2.9074e-01  -3.2581e-01   4.4879e-03   3.1915e-01   2.4996e-01  -1.1658e-01  -3.3117e-01  -1.2967e-01   2.3022e-01   2.8795e-01  -2.7886e-02  -3.0059e-01  -1.7020e-01   1.8509e-01   2.8405e-01  -5.3834e-03  -2.8239e-01  -1.6410e-01   1.8097e-01   2.6662e-01  -2.5709e-02  -2.7716e-01  -1.2858e-01   2.0287e-01   2.3642e-01  -7.4179e-02  -2.7239e-01
   3.0973e-02   1.1061e-01   2.5742e-01   4.4046e-01   5.6356e-01   5.0610e-01   2.2342e-01  -1.6698e-01  -4.1983e-01  -3.4234e-01   1.1674e-02   3.3898e-01   3.3829e-01   9.3873e-03  -3.1702e-01  -3.0139e-01   3.7868e-02   3.2519e-01   2.3693e-01  -1.2240e-01  -3.2867e-01  -1.3669e-01   2.1705e-01   2.9531e-01   2.7964e-03  -2.8734e-01  -2.0399e-01   1.4177e-01   2.9600e-01   5.6989e-02  -2.5386e-01  -2.1889e-01   1.1168e-01   2.8498e-01   6.4518e-02  -2.4193e-01  -2.0761e-01   1.1675e-01   2.7250e-01   4.0591e-02
   1.8221e-02   7.0277e-02   1.7878e-01   3.4073e-01   5.0226e-01   5.6157e-01   4.2576e-01   1.0075e-01  -2.6088e-01  -4.3038e-01  -2.7743e-01   8.7721e-02   3.6329e-01   3.0434e-01  -3.6357e-02  -3.3023e-01  -2.8322e-01   5.5435e-02   3.2563e-01   2.3418e-01  -1.1542e-01  -3.2568e-01  -1.5504e-01   1.9384e-01   3.0438e-01   4.4876e-02  -2.6452e-01  -2.4039e-01   8.4542e-02   2.9676e-01   1.2585e-01  -2.0475e-01  -2.6347e-01   2.4730e-02   2.7592e-01   1.5551e-01  -1.7210e-01  -2.6252e-01   5.5649e-03   2.6257e-01
   1.0290e-02   4.2629e-02   1.1760e-01   2.4645e-01   4.0865e-01   5.3664e-01   5.3454e-01   3.4014e-01  -1.8365e-03  -3.2322e-01  -4.2168e-01  -2.1853e-01   1.4240e-01   3.7357e-01   2.7638e-01  -6.5275e-02  -3.3521e-01  -2.7347e-01   5.8738e-02   3.2200e-01   2.4103e-01  -9.6353e-02  -3.2058e-01  -1.8269e-01   1.5935e-01   3.1102e-01   9.6429e-02  -2.2833e-01  -2.7345e-01   1.4003e-02   2.7944e-01   1.9414e-01  -1.3287e-01  -2.8699e-01  -7.2998e-02   2.3175e-01   2.3199e-01  -7.0603e-02  -2.7636e-01  -1.1363e-01
   5.5790e-03   2.4706e-02   7.3417e-02   1.6753e-01   3.0737e-01   4.5887e-01   5.4898e-01   4.9404e-01   2.5996e-01  -8.2044e-02  -3.6152e-01  -4.0447e-01  -1.7093e-01   1.7867e-01   3.7617e-01   2.5750e-01  -7.9148e-02  -3.3482e-01  -2.7256e-01   4.8990e-02   3.1416e-01   2.5578e-01  -6.5451e-02  -3.1060e-01  -2.1668e-01   1.1241e-01   3.1010e-01   1.5397e-01  -1.7566e-01  -2.9574e-01  -6.6401e-02   2.3812e-01   2.5176e-01  -4.0407e-02  -2.7872e-01  -1.6880e-01   1.5023e-01   2.7588e-01   4.9940e-02  -2.3691e-01
   2.9038e-03   1.3689e-02   4.3575e-02   1.0742e-01   2.1546e-01   3.5814e-01   4.9256e-01   5.4604e-01   4.4932e-01   1.9122e-01  -1.4120e-01  -3.8302e-01  -3.8603e-01  -1.3672e-01   1.9973e-01   3.7520e-01   2.4878e-01  -7.9556e-02  -3.3017e-01  -2.7963e-01   2.7048e-02   3.0072e-01   2.7581e-01  -2.3004e-02  -2.9214e-01  -2.5289e-01   5.2667e-02   2.9594e-01   2.1193e-01  -1.0528e-01  -2.9898e-01  -1.4957e-01   1.6963e-01   2.8648e-01   6.4492e-02  -2.3097e-01  -2.4506e-01   3.7913e-02   2.7080e-01   1.6699e-01
   1.4509e-03   7.2543e-03   2.4621e-02   6.5147e-02   1.4154e-01   2.5820e-01   3.9782e-01   5.1272e-01   5.3420e-01   4.0689e-01   1.3653e-01  -1.8214e-01  -3.9360e-01  -3.7080e-01  -1.1620e-01   2.0822e-01   3.7277e-01   2.5003e-01  -6.7629e-02  -3.2093e-01  -2.9287e-01  -6.3416e-03   2.7938e-01   2.9746e-01   3.0082e-02  -2.6137e-01  -2.8578e-01  -1.8493e-02   2.6316e-01   2.6249e-01  -1.9123e-02  -2.7540e-01  -2.2459e-01   7.5727e-02   2.8619e-01   1.6723e-01  -1.4284e-01  -2.8236e-01  -8.8063e-02   2.0821e-01
   6.9600e-04   3.6787e-03   1.3256e-02   3.7449e-02   8.7487e-02   1.7330e-01   2.9408e-01   4.2704e-01   5.2291e-01   5.1866e-01   3.7082e-01   9.6415e-02  -2.0792e-01  -3.9743e-01  -3.6105e-01  -1.0877e-01   2.0586e-01   3.6941e-01   2.6015e-01  -4.4110e-02  -3.0570e-01  -3.0954e-01  -5.0137e-02   2.4748e-01   3.1608e-01   9.1649e-02  -2.1494e-01  -3.0857e-01  -9.7149e-02   2.0786e-01   2.9610e-01   7.6605e-02  -2.1986e-01  -2.7772e-01  -3.5139e-02   2.4233e-01   2.4812e-01  -2.3438e-02  -2.6493e-01  -2.0109e-01
   3.2051e-04   1.7856e-03   6.8076e-03   2.0439e-02   5.1038e-02   1.0888e-01   2.0105e-01   3.2254e-01   4.4724e-01   5.2646e-01   5.0319e-01   3.4329e-01   7.0327e-02  -2.2116e-01  -3.9706e-01  -3.5750e-01  -1.1347e-01   1.9351e-01   3.6437e-01   2.7736e-01  -9.6261e-03  -2.8238e-01  -3.2600e-01  -1.0253e-01   2.0254e-01   3.2613e-01   1.5772e-01  -1.5093e-01  -3.1379e-01  -1.7632e-01   1.2917e-01   3.0270e-01   1.7098e-01  -1.3226e-01  -2.9481e-01  -1.4726e-01   1.5395e-01   2.8626e-01   1.0680e-01  -1.8729e-01
   1.4169e-04   8.2988e-04   3.3367e-03   1.0605e-02   2.8167e-02   6.4291e-02   1.2801e-01   2.2385e-01   3.4379e-01   4.6012e-01   5.2604e-01   4.9024e-01   3.2520e-01   5.7257e-02  -2.2375e-01  -3.9368e-01  -3.5978e-01  -1.2914e-01   1.7136e-01   3.5595e-01   2.9914e-01   3.4949e-02  -2.4862e-01  -3.3781e-01  -1.6047e-01   1.4301e-01   3.2162e-01   2.2218e-01  -6.9914e-02  -2.9435e-01  -2.4601e-01   3.0778e-02   2.7400e-01   2.4905e-01  -1.9787e-02  -2.6506e-01  -2.3922e-01   3.1113e-02   2.6562e-01   2.1840e-01
   6.0137e-05   3.6939e-04   1.5619e-03   5.2375e-03   1.4733e-02   3.5788e-02   7.6295e-02   1.4400e-01   2.4136e-01   3.5842e-01   4.6724e-01   5.2361e-01   4.8111e-01   3.1657e-01   5.6099e-02  -2.1687e-01  -3.8735e-01  -3.6667e-01  -1.5444e-01   1.3926e-01   3.4180e-01   3.2225e-01   8.8077e-02  -2.0236e-01  -3.3995e-01  -2.1936e-01   6.9096e-02   2.9694e-01   2.7685e-01   2.4007e-02  -2.4527e-01  -2.9421e-01  -7.8060e-02   2.0625e-01   2.9417e-01   1.0215e-01  -1.8548e-01  -2.8806e-01  -1.0402e-01   1.8203e-01
   2.4502e-05   1.5750e-04   6.9860e-04   2.4642e-03   7.3151e-03   1.8825e-02   4.2726e-02   8.6380e-02   1.5635e-01   2.5358e-01   3.6715e-01   4.6983e-01   5.2033e-01   4.7628e-01   3.1686e-01   6.5783e-02  -2.0108e-01  -3.7732e-01  -3.7628e-01  -1.8766e-01   9.7011e-02   3.1922e-01   3.4271e-01   1.4716e-01  -1.4240e-01  -3.2726e-01  -2.7294e-01  -1.6517e-02   2.4796e-01   3.1222e-01   1.2264e-01  -1.6555e-01  -3.0883e-01  -1.8256e-01   1.0299e-01   2.9184e-01   2.1112e-01  -6.4759e-02  -2.7586e-01  -2.2003e-01
   9.5838e-06   6.4345e-05   2.9870e-04   1.1053e-03   3.4518e-03   9.3757e-03   2.2547e-02   4.8536e-02   9.4122e-02   1.6488e-01   2.6077e-01   3.7069e-01   4.6877e-01   5.1676e-01   4.7554e-01   3.2513e-01   8.5289e-02  -1.7654e-01  -3.6227e-01  -3.8616e-01  -2.2664e-01   4.4803e-02   2.8556e-01   3.5595e-01   2.0828e-01  -6.9088e-02  -2.9520e-01  -3.1363e-01  -1.0806e-01   1.7345e-01   3.1886e-01   2.1387e-01  -6.0005e-02  -2.8074e-01  -2.6413e-01  -2.3058e-02   2.3464e-01   2.8173e-01   7.5314e-02  -1.9712e-01
   3.5987e-06   2.5190e-05   1.2213e-04   4.7300e-04   1.5496e-03   4.4278e-03   1.1238e-02   2.5633e-02   5.2922e-02   9.9312e-02   1.6962e-01   2.6329e-01   3.6960e-01   4.6457e-01   5.1294e-01   4.7821e-01   3.4017e-01   1.1357e-01  -1.4322e-01  -3.4052e-01  -3.9339e-01  -2.6856e-01  -1.6434e-02   2.3867e-01   3.5710e-01   2.6606e-01   1.5075e-02  -2.4078e-01  -3.3331e-01  -1.9664e-01   7.6406e-02   2.8950e-01   2.8302e-01   5.9772e-02  -2.0707e-01  -3.0391e-01  -1.5037e-01   1.2674e-01   2.9229e-01   2.0251e-01
   1.2973e-06   9.4512e-06   4.7771e-05   1.9322e-04   6.6245e-04   1.9855e-03   5.3006e-03   1.2758e-02   2.7902e-02   5.5731e-02   1.0192e-01   1.7075e-01   2.6152e-01   3.6437e-01   4.5746e-01   5.0850e-01   4.8321e-01   3.6049e-01   1.4943e-01  -1.0112e-01  -3.1038e-01  -3.9475e-01  -3.0991e-01  -8.4702e-02   1.7742e-01   3.4150e-01   3.1396e-01   1.0507e-01  -1.6364e-01  -3.2462e-01  -2.7090e-01  -3.5119e-02   2.2140e-01   3.1537e-01   1.7591e-01  -9.4209e-02  -2.8784e-01  -2.5182e-01  -1.3581e-02   2.3272e-01
   4.4895e-07   3.3990e-06   1.7879e-05   7.5378e-05   2.6986e-04   8.4629e-04   2.3694e-03   5.9968e-03   1.3836e-02   2.9263e-02   5.6935e-02   1.0207e-01   1.6856e-01   2.5589e-01   3.5535e-01   4.4744e-01   5.0283e-01   4.8924e-01   3.8439e-01   1.9146e-01  -5.0524e-02  -2.7032e-01  -3.8697e-01  -3.4653e-01  -1.5671e-01   1.0224e-01   3.0547e-01   3.4475e-01   1.9331e-01  -6.6984e-02  -2.8265e-01  -3.1845e-01  -1.4801e-01   1.1852e-01   2.9971e-01   2.6673e-01   4.1062e-02  -2.1200e-01  -3.0089e-01  -1.5552e-01
   1.4915e-07   1.1719e-06   6.4049e-06   2.8096e-05   1.0483e-04   3.4319e-04   1.0051e-03   2.6670e-03   6.4681e-03   1.4425e-02   2.9703e-02   5.6609e-02   9.9954e-02   1.6342e-01   2.4683e-01   3.4284e-01   4.3441e-01   4.9518e-01   4.9483e-01   4.0994e-01   2.3789e-01   7.7980e-03  -2.1936e-01  -3.6699e-01  -3.7382e-01  -2.2783e-01   1.5518e-02   2.4703e-01   3.5155e-01   2.7016e-01   4.1891e-02  -2.0666e-01  -3.2826e-01  -2.4545e-01  -7.3280e-03   2.3218e-01   3.1126e-01   1.7301e-01  -8.6629e-02  -2.7977e-01
   4.7572e-08   3.8735e-07   2.1966e-06   1.0010e-05   3.8850e-05   1.3252e-04   4.0504e-04   1.1238e-03   2.8564e-03   6.6932e-03   1.4524e-02   2.9276e-02   5.4907e-02   9.5870e-02   1.5572e-01   2.3476e-01   3.2711e-01   4.1823e-01   4.8477e-01   4.9848e-01   4.3509e-01   2.8661e-01   7.2464e-02  -1.5728e-01  -3.3235e-01  -3.8712e-01  -2.9229e-01  -7.8134e-02   1.6679e-01   3.2897e-01   3.2505e-01   1.5175e-01  -1.0151e-01  -2.9331e-01  -3.0958e-01  -1.3699e-01   1.1934e-01   2.9488e-01   2.7174e-01   6.3229e-02
   1.4566e-08   1.2276e-07   7.2133e-07   3.4097e-06   1.3744e-05   4.8754e-05   1.5521e-04   4.4928e-04   1.1936e-03   2.9296e-03   6.6757e-03   1.4171e-02   2.8086e-02   5.2038e-02   9.0152e-02   1.4591e-01   2.2015e-01   3.0846e-01   3.9881e-01   4.7089e-01   4.9873e-01   4.5770e-01   3.3517e-01   1.4139e-01  -8.4869e-02  -2.8159e-01  -3.8222e-01  -3.4363e-01  -1.7199e-01   6.8474e-02   2.7447e-01   3.4811e-01   2.4851e-01   2.1800e-02  -2.1332e-01  -3.2538e-01  -2.4673e-01  -2.0905e-02   2.1488e-01   3.1063e-01
   4.2816e-09   3.7309e-08   2.2686e-07   1.1108e-06   4.6434e-06   1.7101e-05   5.6598e-05   1.7057e-04   4.7256e-04   1.2118e-03   2.8909e-03   6.4398e-03   1.3431e-02   2.6274e-02   4.8245e-02   8.3164e-02   1.3446e-01   2.0348e-01   2.8726e-01   3.7620e-01   4.5303e-01   4.9431e-01   4.7572e-01   3.8091e-01   2.1183e-01  -4.0451e-03  -2.1463e-01  -3.5596e-01  -3.7542e-01  -2.5770e-01  -4.0878e-02   1.8954e-01   3.3220e-01   3.1726e-01   1.4684e-01  -9.6408e-02  -2.8481e-01  -3.1290e-01  -1.6127e-01   8.3832e-02
   1.2082e-09   1.0873e-08   6.8340e-08   3.4621e-07   1.4987e-06   5.7221e-06   1.9655e-05   6.1560e-05   1.7749e-04   4.7439e-04   1.1817e-03   2.7542e-03   6.0238e-03   1.2389e-02   2.3995e-02   4.3786e-02   7.5282e-02   1.2184e-01   1.8529e-01   2.6396e-01   3.5058e-01   4.3090e-01   4.8425e-01   4.8728e-01   4.2110e-01   2.8050e-01   8.2144e-02  -1.3298e-01  -3.0683e-01  -3.8210e-01  -3.2615e-01  -1.5129e-01   8.0327e-02   2.7482e-01   3.4502e-01   2.5398e-01   4.0759e-02  -1.9023e-01  -3.1793e-01  -2.7040e-01
   3.2731e-10   3.0392e-09   1.9723e-08   1.0325e-07   4.6227e-07   1.8272e-06   6.5044e-06   2.1135e-05   6.3299e-05   1.7599e-04   4.5670e-04   1.1108e-03   2.5401e-03   5.4742e-03   1.1137e-02   2.1412e-02   3.8920e-02   6.6875e-02   1.0854e-01   1.6611e-01   2.3910e-01   3.2235e-01   4.0454e-01   4.6796e-01   4.9092e-01   4.5316e-01   3.4381e-01   1.6968e-01  -3.9866e-02  -2.3547e-01  -3.5999e-01  -3.6870e-01  -2.5087e-01  -4.2426e-02   1.7959e-01   3.2369e-01   3.2384e-01   1.7505e-01  -5.5878e-02  -2.5587e-01
   8.5124e-11   8.1472e-10   5.4536e-09   2.9470e-08   1.3631e-07   5.5706e-07   2.0522e-06   6.9080e-06   2.1456e-05   6.1938e-05   1.6711e-04   4.2317e-04   1.0092e-03   2.2723e-03   4.8400e-03   9.7653e-03   1.8680e-02   3.3887e-02   5.8292e-02   9.5010e-02   1.4652e-01   2.1329e-01   2.9207e-01   3.7429e-01   4.4530e-01   4.8567e-01   4.7495e-01   3.9824e-01   2.5392e-01   5.9967e-02  -1.4486e-01  -3.0801e-01  -3.7855e-01  -3.2738e-01  -1.6443e-01   5.6659e-02   2.5251e-01   3.4143e-01   2.8094e-01   9.3535e-02
   2.1253e-11   2.0948e-10   1.4450e-09   8.0521e-09   3.8432e-08   1.6221e-07   6.1763e-07   2.1508e-06   6.9174e-06   2.0700e-05   5.7957e-05   1.5251e-04   3.7845e-04   8.8805e-04   1.9747e-03   4.1677e-03   8.3578e-03   1.5937e-02   2.8902e-02   4.9845e-02   8.1687e-02   1.2706e-01   1.8719e-01   2.6047e-01   3.4080e-01   4.1663e-01   4.7118e-01   4.8494e-01   4.4063e-01   3.2999e-01   1.6061e-01  -4.0286e-02  -2.2828e-01  -3.5202e-01  -3.7015e-01  -2.6975e-01  -7.8162e-02   1.3942e-01   3.0006e-01   3.3597e-01
   5.0941e-12   5.1666e-11   3.6693e-10   2.1064e-09   1.0364e-08   4.5126e-08   1.7739e-07   6.3823e-07   2.1227e-06   6.5746e-06   1.9073e-05   5.2057e-05   1.3415e-04   3.2735e-04   7.5807e-04   1.6689e-03   3.4977e-03   6.9849e-03   1.3299e-02   2.4145e-02   4.1796e-02   6.8942e-02   1.0824e-01   1.6149e-01   2.2836e-01   3.0500e-01   3.8274e-01   4.4777e-01   4.8241e-01   4.6858e-01   3.9338e-01   2.5563e-01   7.1142e-02  -1.2612e-01  -2.8947e-01  -3.7194e-01  -3.4331e-01  -2.0555e-01   5.6892e-04   2.0382e-01
   1.1721e-12   1.2223e-11   8.9302e-11   5.2767e-10   2.6740e-09   1.1998e-08   4.8638e-08   1.8060e-07   6.2034e-07   1.9860e-06   5.9607e-06   1.6848e-05   4.5010e-05   1.1399e-04   2.7433e-04   6.2850e-04   1.3729e-03   2.8625e-03   5.7016e-03   1.0854e-02   1.9752e-02   3.4355e-02   5.7083e-02   9.0521e-02   1.3680e-01   1.9663e-01   2.6797e-01   3.4484e-01   4.1644e-01   4.6756e-01   4.8075e-01   4.4045e-01   3.3876e-01   1.8123e-01  -9.6353e-03  -1.9561e-01  -3.3046e-01  -3.7359e-01  -3.0590e-01  -1.4202e-01
   2.5893e-13   2.7741e-12   2.0833e-11   1.2660e-10   6.6012e-10   3.0496e-09   1.2736e-08   4.8750e-08   1.7275e-07   5.7096e-07   1.7705e-06   5.1749e-06   1.4310e-05   3.7549e-05   9.3727e-05   2.2300e-04   5.0654e-04   1.0999e-03   2.2852e-03   4.5463e-03   8.6640e-03   1.5819e-02   2.7669e-02   4.6340e-02   7.4256e-02   1.1371e-01   1.6610e-01   2.3090e-01   3.0439e-01   3.7870e-01   4.4148e-01   4.7698e-01   4.6884e-01   4.0470e-01   2.8170e-01   1.1127e-01  -7.9079e-02  -2.4904e-01  -3.5479e-01  -3.6285e-01
   5.4909e-14   6.0397e-13   4.6587e-12   2.9092e-11   1.5596e-10   7.4118e-10   3.1859e-09   1.2559e-08   4.5860e-08   1.5630e-07   5.0017e-07   1.5098e-06   4.3150e-06   1.1713e-05   3.0276e-05   7.4668e-05   1.7601e-04   3.9712e-04   8.5852e-04   1.7799e-03   3.5410e-03   6.7623e-03   1.2399e-02   2.1823e-02   3.6861e-02   5.9707e-02   9.2653e-02   1.3754e-01   1.9492e-01   2.6299e-01   3.3650e-01   4.0605e-01   4.5835e-01   4.7777e-01   4.4971e-01   3.6522e-01   2.2612e-01   4.8635e-02  -1.3634e-01  -2.8815e-01
   1.1179e-14   1.2615e-13   9.9877e-13   6.4044e-12   3.5273e-11   1.7229e-10   7.6155e-10   3.0888e-09   1.1612e-08   4.0768e-08   1.3447e-07   4.1868e-07   1.2352e-06   3.4638e-06   9.2570e-06   2.3627e-05   5.7694e-05   1.3499e-04   3.0300e-04   6.5307e-04   1.3527e-03   2.6937e-03   5.1596e-03   9.5065e-03   1.6848e-02   2.8712e-02   4.7024e-02   7.3954e-02   1.1154e-01   1.6108e-01   2.2222e-01   2.9195e-01   3.6371e-01   4.2700e-01   4.6810e-01   4.7206e-01   4.2632e-01   3.2530e-01   1.7485e-01  -5.1313e-03
   2.1848e-15   2.5280e-14   2.0529e-13   1.3508e-12   7.6371e-12   3.8311e-11   1.7400e-10   7.2550e-10   2.8052e-09   1.0135e-08   3.4425e-08   1.1043e-07   3.3592e-07   9.7191e-07   2.6819e-06   7.0734e-06   1.7864e-05   4.3272e-05   1.0065e-04   2.2507e-04   4.8422e-04   1.0030e-03   2.0012e-03   3.8473e-03   7.1279e-03   1.2725e-02   2.1888e-02   3.6252e-02   5.7778e-02   8.8524e-02   1.3020e-01   1.8350e-01   2.4719e-01   3.1720e-01   3.8591e-01   4.4215e-01   4.7215e-01   4.6201e-01   4.0132e-01   2.8752e-01
   4.0993e-16   4.8603e-15   4.0458e-14   2.7298e-13   1.5833e-12   8.1510e-12   3.8009e-11   1.6278e-10   6.4683e-10   2.4029e-09   8.3957e-09   2.7723e-08   8.6848e-08   2.5896e-07   7.3689e-07   2.0057e-06   5.2317e-06   1.3099e-05   3.1521e-05   7.2990e-05   1.6279e-04   3.4996e-04   7.2558e-04   1.4516e-03   2.8028e-03   5.2240e-03   9.3988e-03   1.6320e-02   2.7338e-02   4.4154e-02   6.8701e-02   1.0286e-01   1.4798e-01   2.0413e-01   2.6928e-01   3.3849e-01   4.0336e-01   4.5235e-01   4.7203e-01   4.4967e-01
   7.3837e-17   8.9655e-16   7.6455e-15   5.2865e-14   3.1433e-13   1.6596e-12   7.9397e-12   3.4901e-11   1.4240e-10   5.4345e-10   1.9516e-09   6.6267e-09   2.1359e-08   6.5564e-08   1.9218e-07   5.3917e-07   1.4506e-06   3.7489e-06   9.3193e-06   2.2311e-05   5.1493e-05   1.1467e-04   2.4653e-04   5.1203e-04   1.0277e-03   1.9941e-03   3.7408e-03   6.7846e-03   1.1895e-02   2.0154e-02   3.2983e-02   5.2103e-02   7.9374e-02   1.1647e-01   1.6433e-01   2.2248e-01   2.8820e-01   3.5584e-01   4.1654e-01   4.5863e-01
   1.2768e-17   1.5868e-16   1.3854e-15   9.8113e-15   5.9767e-14   3.2341e-13   1.5863e-12   7.1520e-12   2.9941e-11   1.1729e-10   4.3257e-10   1.5091e-09   4.9998e-09   1.5784e-08   4.7609e-08   1.3752e-07   3.8118e-07   1.0155e-06   2.6044e-06   6.4371e-06   1.5350e-05   3.5347e-05   7.8661e-05   1.6927e-04   3.5241e-04   7.1009e-04   1.3852e-03   2.6161e-03   4.7842e-03   8.4705e-03   1.4516e-02   2.4068e-02   3.8590e-02   5.9786e-02   8.9409e-02   1.2890e-01   1.7883e-01   2.3822e-01   3.0382e-01   3.6947e-01
   2.1196e-18   2.6947e-17   2.4075e-16   1.7452e-15   1.0885e-14   6.0330e-14   3.0320e-13   1.4011e-12   6.0142e-12   2.4167e-11   9.1454e-11   3.2753e-10   1.1145e-09   3.6152e-09   1.1210e-08   3.3306e-08   9.5006e-08   2.6064e-07   6.8871e-07   1.7551e-06   4.3182e-06   1.0267e-05   2.3611e-05   5.2551e-05   1.1326e-04   2.3651e-04   4.7864e-04   9.3902e-04   1.7861e-03   3.2941e-03   5.8901e-03   1.0209e-02   1.7148e-02   2.7897e-02   4.3932e-02   6.6914e-02   9.8470e-02   1.3981e-01   1.9118e-01   2.5120e-01
   3.3779e-19   4.3910e-18   4.0123e-17   2.9754e-16   1.8992e-15   1.0775e-14   5.5448e-14   2.6245e-13   1.1544e-12   4.7545e-12   1.8450e-11   6.7779e-11   2.3668e-10   7.8821e-10   2.5103e-09   7.6642e-09   2.2477e-08   6.3430e-08   1.7250e-07   4.5271e-07   1.1478e-06   2.8141e-06   6.6777e-06   1.5348e-05   3.4189e-05   7.3848e-05   1.5474e-04   3.1466e-04   6.2104e-04   1.1900e-03   2.2136e-03   3.9975e-03   7.0076e-03   1.1921e-02   1.9672e-02   3.1476e-02   4.8798e-02   7.3237e-02   1.0629e-01   1.4895e-01
   5.1679e-20   6.8656e-19   6.4130e-18   4.8628e-17   3.1746e-16   1.8426e-15   9.7037e-15   4.7019e-14   2.1177e-13   8.9346e-13   3.5526e-12   1.3378e-11   4.7906e-11   1.6366e-10   5.3492e-10   1.6768e-09   5.0511e-09   1.4648e-08   4.0960e-08   1.1058e-07   2.8857e-07   7.2865e-07   1.7819e-06   4.2234e-06   9.7086e-06   2.1658e-05   4.6907e-05   9.8675e-05   2.0168e-04   4.0057e-04   7.7329e-04   1.4511e-03   2.6467e-03   4.6919e-03   8.0824e-03   1.3525e-02   2.1978e-02   3.4660e-02   5.3009e-02   7.8554e-02
   7.5904e-21   1.0301e-19   9.8309e-19   7.6184e-18   5.0843e-17   3.0175e-16   1.6254e-15   8.0575e-15   3.7139e-14   1.6041e-13   6.5314e-13   2.5195e-12   9.2450e-12   3.2376e-11   1.0852e-10   3.4896e-10   1.0788e-09   3.2123e-09   9.2267e-09   2.5599e-08   6.8688e-08   1.7843e-07   4.4914e-07   1.0964e-06   2.5975e-06   5.9758e-06   1.3357e-05   2.9021e-05   6.1311e-05   1.2599e-04   2.5188e-04   4.8998e-04   9.2754e-04   1.7087e-03   3.0630e-03   5.3419e-03   9.0622e-03   1.4949e-02   2.3967e-02   3.7325e-02
   1.0703e-21   1.4830e-20   1.4455e-19   1.1443e-18   7.8026e-18   4.7327e-17   2.6060e-16   1.3210e-15   6.2279e-15   2.7520e-14   1.1468e-13   4.5287e-13   1.7017e-12   6.1047e-12   2.0968e-11   6.9118e-11   2.1913e-10   6.6938e-10   1.9732e-09   5.6211e-09   1.5493e-08   4.1361e-08   1.0705e-07   2.6885e-07   6.5563e-07   1.5535e-06   3.5788e-06   8.0189e-06   1.7484e-05   3.7109e-05   7.6688e-05   1.5435e-04   3.0259e-04   5.7789e-04   1.0752e-03   1.9487e-03   3.4401e-03   5.9143e-03   9.8998e-03   1.6128e-02
   1.4487e-22   2.0488e-21   2.0386e-20   1.6478e-19   1.1475e-18   7.1100e-18   4.0002e-17   2.0724e-16   9.9877e-16   4.5128e-15   1.9235e-14   7.7713e-14   2.9885e-13   1.0975e-12   3.8602e-12   1.3035e-11   4.2349e-11   1.3261e-10   4.0088e-10   1.1715e-09   3.3140e-09   9.0840e-09   2.4151e-08   6.2334e-08   1.5630e-07   3.8101e-07   9.0347e-07   2.0850e-06   4.6853e-06   1.0255e-05   2.1873e-05   4.5469e-05   9.2143e-05   1.8207e-04   3.5080e-04   6.5912e-04   1.2077e-03   2.1576e-03   3.7583e-03   6.3810e-03
